2.608369300056296303e-01 1.084999999999999964e+00 2.540999999999999807e-09 6.737333333333332952e-01 -3.476300852695596300e-01
2.769750422218052455e-01 9.264999999999999902e-01 3.140999999999999803e-09 6.541333333333333444e-01 -2.141415215398002059e-01
2.792268718333646427e-01 1.080000000000000071e+00 2.166000000000000172e-09 7.006666666666666599e-01 -7.516498163924331122e-01
2.493901294802026714e-01 9.010000000000000231e-01 2.616000000000000065e-09 7.226666666666665684e-01 -6.584496371812765814e-01
2.585851003940702331e-01 9.776000000000000245e-01 1.677999999999999996e-09 7.103999999999999204e-01 -5.963161843738388201e-01
2.722837305310565337e-01 9.929000000000000048e-01 3.254000000000000137e-09 7.030666666666667286e-01 -2.860330806887687038e-01
2.664665040345280400e-01 9.468999999999999639e-01 2.090999999999999914e-09 7.177333333333332233e-01 -4.408302644807162718e-01
2.550197035091011921e-01 1.008000000000000007e+00 2.841000000000000012e-09 6.614666666666667583e-01 -9.381567763269161864e-01
2.310001876524676589e-01 9.878000000000000114e-01 2.052999999999999838e-09 6.515999999999999570e-01 -6.698814414258853767e-02
2.745355601426159309e-01 8.806000000000000494e-01 1.977999999999999994e-09 6.271999999999999797e-01 -5.341827315664009479e-01
2.538937887033214658e-01 1.074000000000000066e+00 3.216000000000000061e-09 6.246666666666667034e-01 -7.239268826705018423e-02
2.677800713079377393e-01 9.827000000000000179e-01 2.504000000000000038e-09 6.124000000000000554e-01 -1.031387413112978546e+00
2.619628448114093011e-01 1.012999999999999901e+00 3.029000000000000190e-09 7.202666666666664996e-01 -5.741704719949833335e-02
2.630887596171889720e-01 8.550999999999999712e-01 1.828000000000000098e-09 6.320000000000001172e-01 -7.205830899887143426e-01
2.597110151998499039e-01 8.959000000000000297e-01 2.803999999999999830e-09 6.442666666666666542e-01 -3.934020060494806265e-02
2.561456183148809185e-01 8.499999999999999778e-01 2.429000000000000194e-09 6.834666666666666668e-01 -1.787271481559453146e-01
2.734096453368362045e-01 1.090000000000000080e+00 1.641000000000000020e-09 6.418666666666666965e-01 -1.636549892235522052e-01
2.803527866391443690e-01 9.061000000000000165e-01 2.953999999999999932e-09 6.149333333333333318e-01 -3.786968116732784551e-01
2.689059861137174656e-01 1.064000000000000057e+00 1.565999999999999969e-09 6.638666666666666050e-01 -4.572018264993277931e-02
2.424469881778945901e-01 9.163000000000000034e-01 1.453000000000000049e-09 6.907999999999998586e-01 -6.199307616759218431e-02
2.366297616813661242e-01 1.018000000000000016e+00 2.016000000000000069e-09 6.099999999999999867e-01 -7.827165427961521038e-01
2.413210733721148638e-01 1.058999999999999941e+00 2.465999999999999963e-09 6.468000000000000416e-01 -5.652494579701198285e-01
2.251829611559392208e-01 9.519999999999999574e-01 2.991000000000000115e-09 6.687999999999999501e-01 -6.895163635849953510e-01
2.285607055732783166e-01 9.213999999999999968e-01 2.353999999999999936e-09 7.054666666666665753e-01 -9.692387315180878149e-01
2.711578157252768073e-01 1.038999999999999924e+00 2.879000000000000088e-09 6.810666666666665980e-01 -6.273829107775575897e-01
2.355038468755864534e-01 9.112000000000000099e-01 1.865999999999999967e-09 6.589333333333333709e-01 -1.168155828840716920e-01
2.781009570275849718e-01 1.028999999999999915e+00 2.391000000000000119e-09 6.345333333333333936e-01 -4.931022440802848572e-02
2.814787014449240399e-01 9.979999999999999982e-01 1.753000000000000047e-09 6.712000000000000188e-01 -9.930593076440041855e-02
2.653405892287483692e-01 8.908000000000000362e-01 2.279000000000000092e-09 6.931999999999999273e-01 -1.379365049315438296e-01
2.700319009194971365e-01 9.315999999999999837e-01 2.728999999999999985e-09 7.299999999999999822e-01 -7.827391827183080575e-02
2.642146744229686983e-01 1.034000000000000030e+00 3.290999999999999906e-09 6.491999999999998883e-01 -8.760690098818367799e-01
2.377556764871458506e-01 8.857000000000000428e-01 3.178999999999999879e-09 6.761333333333332529e-01 -1.000305457921806696e+00
2.263088759617189194e-01 1.044000000000000039e+00 1.790999999999999916e-09 7.250666666666666371e-01 -2.351681841796421368e-01
2.332520172640270284e-01 8.601999999999999647e-01 3.104000000000000035e-09 6.981333333333332725e-01 -5.031160051626819563e-01
2.505160442859823977e-01 1.100000000000000089e+00 2.315999999999999861e-09 6.565333333333333021e-01 -4.718969908844351524e-01
2.469506474010133568e-01 1.054000000000000048e+00 1.940999999999999811e-09 6.957333333333333147e-01 -1.062469368304149953e+00
2.435729029836742610e-01 1.094999999999999973e+00 2.915999999999999857e-09 7.079999999999999627e-01 -9.167071893506144320e-02
2.446988177894539318e-01 9.366999999999999771e-01 1.716000000000000071e-09 6.197333333333334693e-01 -9.071357362855555495e-01
2.388815912929255214e-01 9.673000000000000487e-01 2.241000000000000016e-09 7.275999999999999135e-01 -4.240444572172572674e-02
2.527678738975417394e-01 8.754999999999999449e-01 1.528000000000000100e-09 7.153333333333333766e-01 -8.137832691998708734e-01
2.321261024582473576e-01 1.068999999999999950e+00 2.766000000000000168e-09 7.127999999999999892e-01 -1.501460352800926268e-01
2.756614749483956017e-01 9.622000000000000552e-01 2.690999999999999910e-09 6.884000000000000119e-01 -8.448499956035898650e-01
2.516419590917620686e-01 9.417999999999999705e-01 1.903000000000000149e-09 6.785333333333332106e-01 -5.319983242367627013e-02
2.401951585663351929e-01 1.002999999999999892e+00 2.654000000000000141e-09 6.222666666666666346e-01 -1.954412033429439588e-01
2.343779320698067548e-01 9.570999999999999508e-01 1.490999999999999918e-09 6.369333333333332403e-01 -3.165633588658406938e-01
2.480765622067930831e-01 9.724000000000000421e-01 3.065999999999999959e-09 6.296000000000000485e-01 -1.268703450526994514e-01
2.572715331206605893e-01 1.048999999999999932e+00 2.128999999999999989e-09 6.173333333333334005e-01 -1.076596753549600022e-01
2.274347907674986180e-01 8.703999999999999515e-01 2.578999999999999883e-09 6.393333333333333091e-01 -8.468126994379165939e-02
2.296866203790580152e-01 1.022999999999999909e+00 1.602999999999999945e-09 6.858666666666666245e-01 -4.097635380769973912e-01
2.458247325952336582e-01 8.652999999999999581e-01 2.203999999999999834e-09 6.662666666666665627e-01 -2.589491251651052650e-01
